[gd_scene load_steps=14 format=3 uid="uid://kyamrvrpvbq3"]

[ext_resource type="Texture2D" uid="uid://c8arnlq67qi7" path="res://assets/textures/grids/Dark/texture_05.png" id="1_3hfex"]
[ext_resource type="Texture2D" uid="uid://b58xv1joypxo5" path="res://assets/textures/grids/Orange/texture_09.png" id="2_p5f7d"]
[ext_resource type="Texture2D" uid="uid://cm5m7nr7dugjd" path="res://assets/textures/grids/Purple/texture_09.png" id="3_ggp4f"]
[ext_resource type="Texture2D" uid="uid://djg8y25y06h5n" path="res://assets/textures/grids/Green/texture_09.png" id="4_iinnc"]
[ext_resource type="PackedScene" uid="uid://8ryht83iak8h" path="res://scenes/player.tscn" id="5_a0r0m"]

[sub_resource type="GDScript" id="GDScript_f631x"]

[sub_resource type="ProceduralSkyMaterial" id="ProceduralSkyMaterial_n6e0r"]
sky_horizon_color = Color(0.64625, 0.65575, 0.67075, 1)
ground_horizon_color = Color(0.64625, 0.65575, 0.67075, 1)

[sub_resource type="Sky" id="Sky_cdd6g"]
sky_material = SubResource("ProceduralSkyMaterial_n6e0r")

[sub_resource type="Environment" id="Environment_kdsxk"]
background_mode = 2
sky = SubResource("Sky_cdd6g")
tonemap_mode = 2
sdfgi_enabled = true
glow_enabled = true
fog_enabled = true
fog_light_color = Color(1, 1, 1, 1)
fog_density = 0.001

[sub_resource type="StandardMaterial3D" id="StandardMaterial3D_kr7co"]
albedo_texture = ExtResource("1_3hfex")
uv1_triplanar = true

[sub_resource type="StandardMaterial3D" id="StandardMaterial3D_7bhef"]
albedo_texture = ExtResource("2_p5f7d")

[sub_resource type="StandardMaterial3D" id="StandardMaterial3D_5q821"]
albedo_texture = ExtResource("3_ggp4f")
uv1_triplanar = true

[sub_resource type="StandardMaterial3D" id="StandardMaterial3D_cs3iu"]
albedo_texture = ExtResource("4_iinnc")
uv1_triplanar = true

[node name="world" type="Node3D"]
script = SubResource("GDScript_f631x")

[node name="DirectionalLight3D" type="DirectionalLight3D" parent="."]
transform = Transform3D(-0.866025, -0.433013, 0.25, 0, 0.5, 0.866025, -0.5, 0.75, -0.433013, 0, 0, 0)
shadow_enabled = true

[node name="WorldEnvironment" type="WorldEnvironment" parent="."]
environment = SubResource("Environment_kdsxk")

[node name="map" type="Node3D" parent="."]

[node name="floor" type="CSGBox3D" parent="map"]
transform = Transform3D(1, 0, 0, 0, 1, 0, 0, 0, 1, 0, -0.777316, 0)
material_override = SubResource("StandardMaterial3D_kr7co")
use_collision = true
size = Vector3(1000, 1, 1000)

[node name="box" type="CSGBox3D" parent="map"]
transform = Transform3D(0.45497, 0, -0.890507, 0, 1, 0, 0.890507, 0, 0.45497, -1.89767, 0.238125, 0.763864)
material_override = SubResource("StandardMaterial3D_7bhef")
use_collision = true

[node name="box2" type="CSGBox3D" parent="map"]
transform = Transform3D(0.45497, 0, -0.890507, 0, 1, 0, 0.890507, 0, 0.45497, 3.49982, 0.732856, 8.09307)
material_override = SubResource("StandardMaterial3D_5q821")
use_collision = true
size = Vector3(2, 2, 2)

[node name="box3" type="CSGBox3D" parent="map"]
transform = Transform3D(0.0800076, 0, -0.996794, 0, 1, 0, 0.996794, 0, 0.0800076, -9.54408, 1.25658, 9.06208)
material_override = SubResource("StandardMaterial3D_cs3iu")
use_collision = true
size = Vector3(3, 3, 3)

[node name="Player" parent="." instance=ExtResource("5_a0r0m")]
